; Constants 
Msun      =  1.98892d30               ;kg
Rsun      =  695.3d6                  ;m
AU        =  1.4959787d11             ;m
day       =  24*3600.                 ;s
Rearth    =  6371.0d3                 ;m

G         =  6.6742367d-11            ;m^3.kg^-1.s^-2

yr        =  365.25*24*3600           ;s
hr        =  3600.                    ;s

Mjup      =  9.547922048d-4 * Msun    ;kg
Mearth    =  3.040433607d-6 * Msun    ;kg
Rjup      =  69.911d6                 ;m
